3.854415274463007246e-01 0.000000000000000000e+00 0.000000000000000000e+00 1.000000000000000000e+00 3.333333333333333703e-01 3.701467387488588390e-01 1.843457636052180382e-01
2.684964200477326091e-01 3.333333333333333148e-01 0.000000000000000000e+00 1.000000000000000000e+00 3.333333333333333703e-01 3.701467387488588390e-01 1.843457636052180382e-01
0.000000000000000000e+00 6.666666666666666297e-01 5.000000000000000000e-01 1.000000000000000000e+00 3.333333333333333703e-01 2.103840483044302490e-01 6.758466201080510771e-01
5.369928400954654402e-02 6.666666666666666297e-01 5.000000000000000000e-01 1.000000000000000000e+00 3.333333333333333703e-01 3.473285122516323042e-01 6.758466201080510771e-01
3.233890214797136564e-01 0.000000000000000000e+00 0.000000000000000000e+00 0.000000000000000000e+00 0.000000000000000000e+00 8.310398090289965456e-01 1.843457636052180382e-01
3.818615751789976032e-01 3.333333333333333148e-01 0.000000000000000000e+00 0.000000000000000000e+00 0.000000000000000000e+00 2.653935266446673658e-01 1.843457636052180382e-01
5.608591885441527314e-01 1.000000000000000000e+00 1.000000000000000000e+00 1.000000000000000000e+00 3.333333333333333703e-01 3.827845257319384409e-01 5.622611674792461489e-01
3.782816229116945927e-01 0.000000000000000000e+00 0.000000000000000000e+00 0.000000000000000000e+00 0.000000000000000000e+00 7.620234501158462681e-01 1.843457636052181492e-01
8.138424821002385734e-01 1.000000000000000000e+00 1.000000000000000000e+00 1.000000000000000000e+00 3.333333333333333703e-01 4.400758267218984887e-01 5.272104361575966625e-01
3.830548926014320510e-01 0.000000000000000000e+00 0.000000000000000000e+00 0.000000000000000000e+00 0.000000000000000000e+00 7.620234501158462681e-01 1.843457636052181492e-01
3.544152744630071905e-01 0.000000000000000000e+00 0.000000000000000000e+00 1.000000000000000000e+00 0.000000000000000000e+00 6.591659060591167352e-01 1.843457636052180382e-01
3.150357995226730767e-01 3.333333333333333148e-01 0.000000000000000000e+00 1.000000000000000000e+00 3.333333333333333703e-01 0.000000000000000000e+00 7.521412570826193633e-01
4.212410501193317169e-01 0.000000000000000000e+00 0.000000000000000000e+00 0.000000000000000000e+00 0.000000000000000000e+00 5.438812048023590195e-01 0.000000000000000000e+00
3.436754176610978262e-01 3.333333333333333148e-01 0.000000000000000000e+00 1.000000000000000000e+00 3.333333333333333703e-01 1.369444639472022773e-01 7.521412570826193633e-01
1.000000000000000000e+00 1.000000000000000000e+00 1.000000000000000000e+00 1.000000000000000000e+00 9.999999999999998890e-01 1.361616232535282078e-01 1.000000000000000000e+00
3.472553699284009476e-01 3.333333333333333148e-01 0.000000000000000000e+00 1.000000000000000000e+00 3.333333333333333703e-01 4.103770273116591483e-02 4.509157991830281542e-01
3.424821002386633784e-01 3.333333333333333148e-01 0.000000000000000000e+00 1.000000000000000000e+00 3.333333333333333703e-01 1.774204872568978519e-01 4.509157991830281542e-01
3.806682577565632664e-01 0.000000000000000000e+00 0.000000000000000000e+00 0.000000000000000000e+00 0.000000000000000000e+00 6.250789861686442128e-01 1.843457636052181492e-01
3.723150357995225757e-01 0.000000000000000000e+00 0.000000000000000000e+00 0.000000000000000000e+00 3.333333333333333703e-01 9.999999999999998890e-01 3.924100672025299108e-01
3.448687350835322740e-01 3.333333333333333148e-01 0.000000000000000000e+00 1.000000000000000000e+00 3.333333333333333703e-01 7.276907954784807009e-01 4.509157991830281542e-01
